# Made in Blockbench 5.1.4
mtllib bantha.mtl

o head
v -0.9537988108990192 2.0662910737693014 1.7312846217175497
v -0.7997878932818349 2.050038952362418 1.752034761584278
v -0.9576282760753898 1.9307881959250257 1.653577686426147
v -0.8036173584582055 1.9145360745181421 1.6743278262928754
v -0.7163399580165416 2.293510403937174 1.3233646152385816
v -0.8703508756337259 2.3097625253440577 1.3026144753718534
v -0.7201694231929122 2.158007526092898 1.245657679947179
v -0.8741803408100965 2.174259647499782 1.2249075400804508
vt 0.4765625 0.77734375
vt 0.5078125 0.77734375
vt 0.5078125 0.76953125
vt 0.4765625 0.76953125
vt 0.46875 0.77734375
vt 0.4765625 0.77734375
vt 0.4765625 0.76953125
vt 0.46875 0.76953125
vt 0.515625 0.77734375
vt 0.546875 0.77734375
vt 0.546875 0.76953125
vt 0.515625 0.76953125
vt 0.5078125 0.77734375
vt 0.515625 0.77734375
vt 0.515625 0.76953125
vt 0.5078125 0.76953125
vt 0.5078125 0.77734375
vt 0.4765625 0.77734375
vt 0.4765625 0.78515625
vt 0.5078125 0.78515625
vt 0.5390625 0.78515625
vt 0.5078125 0.78515625
vt 0.5078125 0.77734375
vt 0.5390625 0.77734375
vn 0.9856698727499795 -0.10401357700405543 0.13280089514706092
vn -0.1668958705305865 -0.4869429031495123 0.8573402926913926
vn -0.9856698727499795 0.10401357700405543 -0.13280089514706092
vn 0.1668958705305865 0.4869429031495123 -0.8573402926913926
vn 0.024508577128771938 0.8672184182033651 0.4973243858649773
vn -0.024508577128771938 -0.8672184182033651 -0.4973243858649773
usemtl m_60bf0a0c-c734-8df4-3b8c-8f4002dc1298
f 4/4/1 7/3/1 5/2/1 2/1/1
f 3/8/2 4/7/2 2/6/2 1/5/2
f 8/12/3 3/11/3 1/10/3 6/9/3
f 7/16/4 8/15/4 6/14/4 5/13/4
f 6/20/5 1/19/5 2/18/5 5/17/5
f 7/24/6 4/23/6 3/22/6 8/21/6
o head
v -0.4374999999999929 2.4687087499999993 1.051565000000004
v -0.4374999999999928 2.468708749999996 1.832815000000004
v -0.4374999999999996 1.593708749999999 1.0515649999999999
v -0.4374999999999995 1.5937087499999951 1.8328149999999999
v 0.4375000000000072 2.4687087499999887 1.832815000000004
v 0.4375000000000071 2.4687087499999922 1.051565000000004
v 0.4375000000000005 1.5937087499999885 1.8328149999999999
v 0.4375000000000004 1.5937087499999922 1.0515649999999999
vt 0.046875 0.60546875
vt 0.1015625 0.60546875
vt 0.1015625 0.55078125
vt 0.046875 0.55078125
vt 0 0.60546875
vt 0.046875 0.60546875
vt 0.046875 0.55078125
vt 0 0.55078125
vt 0.1484375 0.60546875
vt 0.203125 0.60546875
vt 0.203125 0.55078125
vt 0.1484375 0.55078125
vt 0.1015625 0.60546875
vt 0.1484375 0.60546875
vt 0.1484375 0.55078125
vt 0.1015625 0.55078125
vt 0.1015625 0.60546875
vt 0.046875 0.60546875
vt 0.046875 0.65234375
vt 0.1015625 0.65234375
vt 0.15625 0.65234375
vt 0.1015625 0.65234375
vt 0.1015625 0.60546875
vt 0.15625 0.60546875
vn 1.224646799147348e-16 -4.773959005888174e-15 1
vn -1 7.6719812473658e-15 1.2246467991477e-16
vn -1.224646799147348e-16 4.773959005888174e-15 -1
vn 1 -7.6719812473658e-15 -1.2246467991477e-16
vn 7.6719812473658e-15 1 4.662936703425657e-15
vn -7.6719812473658e-15 -1 -4.662936703425657e-15
usemtl m_60bf0a0c-c734-8df4-3b8c-8f4002dc1298
f 12/28/7 15/27/7 13/26/7 10/25/7
f 11/32/8 12/31/8 10/30/8 9/29/8
f 16/36/9 11/35/9 9/34/9 14/33/9
f 15/40/10 16/39/10 14/38/10 13/37/10
f 14/44/11 9/43/11 10/42/11 13/41/11
f 15/48/12 12/47/12 11/46/12 16/45/12
o head
v 0.6543011036975074 2.8587347932536606 1.3779240711233072
v 0.200877217487621 2.4138484915017107 1.6408674261026586
v 0.684266034279837 2.6944432611067897 1.1516234792106257
v 0.23084214806995057 2.24955695935484 1.4145668341899773
v 0.41015343578246627 2.2760579250179225 1.7686124328320216
v 0.8635773219923527 2.7209442267698725 1.5056690778526702
v 0.44011836636479584 2.111766392871052 1.5423118409193404
v 0.8935422525746823 2.5566526946230015 1.279368485939989
vt 0.15234375 0.5078125
vt 0.16796875 0.5078125
vt 0.16796875 0.4921875
vt 0.15234375 0.4921875
vt 0.109375 0.5078125
vt 0.15234375 0.5078125
vt 0.15234375 0.4921875
vt 0.109375 0.4921875
vt 0.2109375 0.5078125
vt 0.2265625 0.5078125
vt 0.2265625 0.4921875
vt 0.2109375 0.4921875
vt 0.16796875 0.5078125
vt 0.2109375 0.5078125
vt 0.2109375 0.4921875
vt 0.16796875 0.4921875
vt 0.16796875 0.5078125
vt 0.15234375 0.5078125
vt 0.15234375 0.55078125
vt 0.16796875 0.55078125
vt 0.18359375 0.55078125
vt 0.16796875 0.55078125
vt 0.16796875 0.5078125
vt 0.18359375 0.5078125
vn -0.6595256526689257 -0.6471073480028359 0.38246306178814765
vn -0.7440932206038943 0.4899220141645804 -0.4542044683710688
vn 0.6595256526689257 0.6471073480028359 -0.38246306178814765
vn 0.7440932206038943 -0.4899220141645804 0.4542044683710688
vn -0.10654197540383864 0.5841476698555406 0.8046243268006446
vn 0.10654197540383864 -0.5841476698555406 -0.8046243268006446
usemtl m_60bf0a0c-c734-8df4-3b8c-8f4002dc1298
f 20/52/13 23/51/13 21/50/13 18/49/13
f 19/56/14 20/55/14 18/54/14 17/53/14
f 24/60/15 19/59/15 17/58/15 22/57/15
f 23/64/16 24/63/16 22/62/16 21/61/16
f 22/68/17 17/67/17 18/66/17 21/65/17
f 23/72/18 20/71/18 19/70/18 24/69/18
o head
v 0.7273514469962756 2.683784024524223 1.213867654447536
v 0.557864476839099 2.6326121898171135 1.3423478972074583
v 0.7592532722002339 2.178004479312929 1.0545067819144303
v 0.5897663020430572 2.1268326446058197 1.1829870246743526
v 0.6955350029187131 2.589485908027841 1.506781812711513
v 0.8650219730758897 2.6406577427349505 1.3783015699515906
v 0.7274368281226713 2.0837063628165473 1.3474209401784072
v 0.8969237982798479 2.1348781975236566 1.2189406974184849
vt 0.21484375 0.640625
vt 0.2265625 0.640625
vt 0.2265625 0.609375
vt 0.21484375 0.609375
vt 0.203125 0.640625
vt 0.21484375 0.640625
vt 0.21484375 0.609375
vt 0.203125 0.609375
vt 0.23828125 0.640625
vt 0.25 0.640625
vt 0.25 0.609375
vt 0.23828125 0.609375
vt 0.2265625 0.640625
vt 0.23828125 0.640625
vt 0.23828125 0.609375
vt 0.2265625 0.609375
vt 0.2265625 0.640625
vt 0.21484375 0.640625
vt 0.21484375 0.65234375
vt 0.2265625 0.65234375
vt 0.23828125 0.65234375
vt 0.2265625 0.65234375
vt 0.2265625 0.640625
vt 0.23828125 0.640625
vn -0.7747975778613789 -0.23392838723249929 0.5873382526167882
vn -0.6293509763639502 0.19714871675095952 -0.7516978994471069
vn 0.7747975778613789 0.23392838723249929 -0.5873382526167882
vn 0.6293509763639502 -0.19714871675095952 0.7516978994471069
vn -0.06005049450156838 0.9520556145153769 0.2999734071211401
vn 0.06005049450156838 -0.9520556145153769 -0.2999734071211401
usemtl m_60bf0a0c-c734-8df4-3b8c-8f4002dc1298
f 28/76/19 31/75/19 29/74/19 26/73/19
f 27/80/20 28/79/20 26/78/20 25/77/20
f 32/84/21 27/83/21 25/82/21 30/81/21
f 31/88/22 32/87/22 30/86/22 29/85/22
f 30/92/23 25/91/23 26/90/23 29/89/23
f 31/96/24 28/95/24 27/94/24 32/93/24
o head
v 0.8703508756337379 2.309762525344044 1.3026144753718534
v 0.7163399580165533 2.2935104039371628 1.3233646152385816
v 0.8741803408101064 2.174259647499768 1.2249075400804508
v 0.7201694231929218 2.158007526092887 1.245657679947179
v 0.799787893281843 2.050038952362405 1.752034761584278
v 0.9537988108990275 2.066291073769287 1.7312846217175497
v 0.8036173584582114 1.9145360745181295 1.6743278262928754
v 0.957628276075396 1.9307881959250108 1.653577686426147
vt 0.4765625 0.79296875
vt 0.5078125 0.79296875
vt 0.5078125 0.78515625
vt 0.4765625 0.78515625
vt 0.46875 0.79296875
vt 0.4765625 0.79296875
vt 0.4765625 0.78515625
vt 0.46875 0.78515625
vt 0.515625 0.79296875
vt 0.546875 0.79296875
vt 0.546875 0.78515625
vt 0.515625 0.78515625
vt 0.5078125 0.79296875
vt 0.515625 0.79296875
vt 0.515625 0.78515625
vt 0.5078125 0.78515625
vt 0.5078125 0.79296875
vt 0.4765625 0.79296875
vt 0.4765625 0.80078125
vt 0.5078125 0.80078125
vt 0.5390625 0.80078125
vt 0.5078125 0.80078125
vt 0.5078125 0.79296875
vt 0.5390625 0.79296875
vn -0.9856698727499811 -0.1040135770040403 0.13280089514706117
vn -0.16689587053057922 0.4869429031495148 -0.8573402926913926
vn 0.9856698727499811 0.1040135770040403 -0.13280089514706117
vn 0.16689587053057922 -0.4869429031495148 0.8573402926913926
vn -0.024508577128758497 0.8672184182033653 0.4973243858649772
vn 0.024508577128758497 -0.8672184182033653 -0.4973243858649772
usemtl m_60bf0a0c-c734-8df4-3b8c-8f4002dc1298
f 36/100/25 39/99/25 37/98/25 34/97/25
f 35/104/26 36/103/26 34/102/26 33/101/26
f 40/108/27 35/107/27 33/106/27 38/105/27
f 39/112/28 40/111/28 38/110/28 37/109/28
f 38/116/29 33/115/29 34/114/29 37/113/29
f 39/120/30 36/119/30 35/118/30 40/117/30
o head
v 0.9185306147053401 2.4675828092126606 1.783821845683886
v 0.7645196970881555 2.451330687805779 1.8045719855506142
v 0.9277213311286244 2.1423759023863984 1.5973252009845194
v 0.7737104135114399 2.1261237809795173 1.6180753408512478
v 0.7905971768585585 2.3752458591886674 1.9385314062836443
v 0.9446080944757431 2.3914979805955485 1.9177812664169163
v 0.7997878932818429 2.0500389523624056 1.752034761584278
v 0.9537988108990274 2.066291073769287 1.7312846217175495
vt 0.234375 0.55859375
vt 0.2421875 0.55859375
vt 0.2421875 0.53515625
vt 0.234375 0.53515625
vt 0.2265625 0.55859375
vt 0.234375 0.55859375
vt 0.234375 0.53515625
vt 0.2265625 0.53515625
vt 0.25 0.55859375
vt 0.2578125 0.55859375
vt 0.2578125 0.53515625
vt 0.25 0.53515625
vt 0.2421875 0.55859375
vt 0.25 0.55859375
vt 0.25 0.53515625
vt 0.2421875 0.53515625
vt 0.2421875 0.55859375
vt 0.234375 0.55859375
vt 0.234375 0.56640625
vt 0.2421875 0.56640625
vt 0.25 0.56640625
vt 0.2421875 0.56640625
vt 0.2421875 0.55859375
vt 0.25 0.55859375
vn -0.9856698727499811 -0.1040135770040403 0.13280089514706117
vn -0.16689587053057922 0.4869429031495148 -0.8573402926913926
vn 0.9856698727499811 0.1040135770040403 -0.13280089514706117
vn 0.16689587053057922 -0.4869429031495148 0.8573402926913926
vn -0.024508577128758497 0.8672184182033653 0.4973243858649772
vn 0.024508577128758497 -0.8672184182033653 -0.4973243858649772
usemtl m_60bf0a0c-c734-8df4-3b8c-8f4002dc1298
f 44/124/31 47/123/31 45/122/31 42/121/31
f 43/128/32 44/127/32 42/126/32 41/125/32
f 48/132/33 43/131/33 41/130/33 46/129/33
f 47/136/34 48/135/34 46/134/34 45/133/34
f 46/140/35 41/139/35 42/138/35 45/137/35
f 47/144/36 44/143/36 43/142/36 48/141/36
o head
v -0.4374999999999996 1.593708749999999 1.0515649999999999
v -0.4374999999999995 1.5937087499999947 1.9578149999999999
v -0.4375000000000022 1.249958749999999 1.0515649999999983
v -0.4375000000000021 1.2499587499999945 1.9578149999999983
v 0.4375000000000005 1.593708749999988 1.9578149999999999
v 0.4375000000000004 1.5937087499999922 1.0515649999999999
v 0.4374999999999979 1.2499587499999878 1.9578149999999983
v 0.4374999999999978 1.2499587499999922 1.0515649999999983
vt 0.4140625 0.9453125
vt 0.46875 0.9453125
vt 0.46875 0.92578125
vt 0.4140625 0.92578125
vt 0.359375 0.9453125
vt 0.4140625 0.9453125
vt 0.4140625 0.92578125
vt 0.359375 0.92578125
vt 0.5234375 0.9453125
vt 0.578125 0.9453125
vt 0.578125 0.92578125
vt 0.5234375 0.92578125
vt 0.46875 0.9453125
vt 0.5234375 0.9453125
vt 0.5234375 0.92578125
vt 0.46875 0.92578125
vt 0.46875 0.9453125
vt 0.4140625 0.9453125
vt 0.4140625 1
vt 0.46875 1
vt 0.5234375 1
vt 0.46875 1
vt 0.46875 0.9453125
vt 0.5234375 0.9453125
vn 1.224646799147348e-16 -4.773959005888174e-15 1
vn -1 7.6719812473658e-15 1.2246467991477e-16
vn -1.224646799147348e-16 4.773959005888174e-15 -1
vn 1 -7.6719812473658e-15 -1.2246467991477e-16
vn 7.6719812473658e-15 1 4.662936703425657e-15
vn -7.6719812473658e-15 -1 -4.662936703425657e-15
usemtl m_60bf0a0c-c734-8df4-3b8c-8f4002dc1298
f 52/148/37 55/147/37 53/146/37 50/145/37
f 51/152/38 52/151/38 50/150/38 49/149/38
f 56/156/39 51/155/39 49/154/39 54/153/39
f 55/160/40 56/159/40 54/158/40 53/157/40
f 54/164/41 49/163/41 50/162/41 53/161/41
f 55/168/42 52/167/42 51/166/42 56/165/42
o head
v -0.3437500000000009 1.4195827967822954 1.2877443971042557
v -0.3437500000000021 1.2497327984337632 1.921633220606456
v -0.34375000000000416 0.9969902477808285 1.1745110648719008
v -0.3437500000000054 0.8271402494322962 1.808399888374101
v 0.3437499999999979 1.2497327984337578 1.9216332206064557
v 0.3437499999999991 1.41958279678229 1.2877443971042555
v 0.3437499999999946 0.827140249432291 1.808399888374101
v 0.34374999999999584 0.9969902477808231 1.1745110648719006
vt 0.3984375 0.88671875
vt 0.44140625 0.88671875
vt 0.44140625 0.859375
vt 0.3984375 0.859375
vt 0.359375 0.88671875
vt 0.3984375 0.88671875
vt 0.3984375 0.859375
vt 0.359375 0.859375
vt 0.48046875 0.88671875
vt 0.5234375 0.88671875
vt 0.5234375 0.859375
vt 0.48046875 0.859375
vt 0.44140625 0.88671875
vt 0.48046875 0.88671875
vt 0.48046875 0.859375
vt 0.44140625 0.859375
vt 0.44140625 0.88671875
vt 0.3984375 0.88671875
vt 0.3984375 0.92578125
vt 0.44140625 0.92578125
vt 0.484375 0.92578125
vt 0.44140625 0.92578125
vt 0.44140625 0.88671875
vt 0.484375 0.88671875
vn -1.867363063349796e-15 -0.25881904510252535 0.9659258262890671
vn -1 7.671981247365801e-15 1.2246467991477025e-16
vn 1.867363063349796e-15 0.25881904510252535 -0.9659258262890671
vn 1 -7.671981247365801e-15 -1.2246467991477025e-16
vn 7.442261017150366e-15 0.9659258262890671 0.25881904510252524
vn -7.442261017150366e-15 -0.9659258262890671 -0.25881904510252524
usemtl m_60bf0a0c-c734-8df4-3b8c-8f4002dc1298
f 60/172/43 63/171/43 61/170/43 58/169/43
f 59/176/44 60/175/44 58/174/44 57/173/44
f 64/180/45 59/179/45 57/178/45 62/177/45
f 63/184/46 64/183/46 62/182/46 61/181/46
f 62/188/47 57/187/47 58/186/47 61/185/47
f 63/192/48 60/191/48 59/190/48 64/189/48
o head
v -0.4999999999999947 2.230521785019635 0.8165394394801715
v -0.4999999999999922 2.5500216969929204 1.829863699650164
v -0.5000000000000007 1.4556267625366992 1.0608629015773896
v -0.4999999999999981 1.7751266745099847 2.0741871617473824
v 0.5000000000000079 2.5500216969929124 1.829863699650164
v 0.5000000000000053 2.230521785019627 0.8165394394801713
v 0.500000000000002 1.775126674509977 2.074187161747382
v 0.4999999999999994 1.4556267625366917 1.0608629015773894
vt 0.06640625 0.703125
vt 0.12890625 0.703125
vt 0.12890625 0.65234375
vt 0.06640625 0.65234375
vt 0 0.703125
vt 0.06640625 0.703125
vt 0.06640625 0.65234375
vt 0 0.65234375
vt 0.1953125 0.703125
vt 0.2578125 0.703125
vt 0.2578125 0.65234375
vt 0.1953125 0.65234375
vt 0.12890625 0.703125
vt 0.1953125 0.703125
vt 0.1953125 0.65234375
vt 0.12890625 0.65234375
vt 0.12890625 0.703125
vt 0.06640625 0.703125
vt 0.06640625 0.76953125
vt 0.12890625 0.76953125
vt 0.19140625 0.76953125
vt 0.12890625 0.76953125
vt 0.12890625 0.703125
vt 0.19140625 0.703125
vn 2.423805895873562e-15 0.3007057995042685 0.9537169507482284
vn -1 7.6719812473658e-15 1.2246467991476946e-16
vn -2.423805895873562e-15 -0.3007057995042685 -0.9537169507482284
vn 1 -7.6719812473658e-15 -1.2246467991476946e-16
vn 7.280072721950494e-15 0.9537169507482284 -0.3007057995042686
vn -7.280072721950494e-15 -0.9537169507482284 0.3007057995042686
usemtl m_60bf0a0c-c734-8df4-3b8c-8f4002dc1298
f 68/196/49 71/195/49 69/194/49 66/193/49
f 67/200/50 68/199/50 66/198/50 65/197/50
f 72/204/51 67/203/51 65/202/51 70/201/51
f 71/208/52 72/207/52 70/206/52 69/205/52
f 70/212/53 65/211/53 66/210/53 69/209/53
f 71/216/54 68/215/54 67/214/54 72/213/54
o head
v -0.9446080944757298 2.391497980595563 1.9177812664169163
v -0.7905971768585455 2.37524585918868 1.9385314062836447
v -0.9537988108990192 2.0662910737693014 1.7312846217175497
v -0.7997878932818349 2.050038952362418 1.752034761584278
v -0.7645196970881414 2.451330687805791 1.8045719855506146
v -0.9185306147053257 2.467582809212675 1.7838218456838861
v -0.7737104135114308 2.1261237809795293 1.618075340851248
v -0.9277213311286151 2.1423759023864126 1.5973252009845198
vt 0.234375 0.52734375
vt 0.2421875 0.52734375
vt 0.2421875 0.50390625
vt 0.234375 0.50390625
vt 0.2265625 0.52734375
vt 0.234375 0.52734375
vt 0.234375 0.50390625
vt 0.2265625 0.50390625
vt 0.25 0.52734375
vt 0.2578125 0.52734375
vt 0.2578125 0.50390625
vt 0.25 0.50390625
vt 0.2421875 0.52734375
vt 0.25 0.52734375
vt 0.25 0.50390625
vt 0.2421875 0.50390625
vt 0.2421875 0.52734375
vt 0.234375 0.52734375
vt 0.234375 0.53515625
vt 0.2421875 0.53515625
vt 0.25 0.53515625
vt 0.2421875 0.53515625
vt 0.2421875 0.52734375
vt 0.25 0.52734375
vn 0.9856698727499795 -0.10401357700405543 0.13280089514706092
vn -0.1668958705305865 -0.4869429031495123 0.8573402926913926
vn -0.9856698727499795 0.10401357700405543 -0.13280089514706092
vn 0.1668958705305865 0.4869429031495123 -0.8573402926913926
vn 0.024508577128771938 0.8672184182033651 0.4973243858649773
vn -0.024508577128771938 -0.8672184182033651 -0.4973243858649773
usemtl m_60bf0a0c-c734-8df4-3b8c-8f4002dc1298
f 76/220/55 79/219/55 77/218/55 74/217/55
f 75/224/56 76/223/56 74/222/56 73/221/56
f 80/228/57 75/227/57 73/226/57 78/225/57
f 79/232/58 80/231/58 78/230/58 77/229/58
f 78/236/59 73/235/59 74/234/59 77/233/59
f 79/240/60 76/239/60 75/238/60 80/237/60
o head
v -0.8650219730758727 2.6406577427349633 1.3783015699515906
v -0.6955350029186967 2.5894859080278514 1.506781812711513
v -0.8969237982798387 2.13487819752367 1.2189406974184849
v -0.7274368281226629 2.083706362816558 1.3474209401784072
v -0.557864476839082 2.632612189817122 1.3423478972074583
v -0.727351446996258 2.6837840245242335 1.213867654447536
v -0.5897663020430481 2.1268326446058285 1.1829870246743526
v -0.759253272200224 2.17800447931294 1.0545067819144303
vt 0.21484375 0.59765625
vt 0.2265625 0.59765625
vt 0.2265625 0.56640625
vt 0.21484375 0.56640625
vt 0.203125 0.59765625
vt 0.21484375 0.59765625
vt 0.21484375 0.56640625
vt 0.203125 0.56640625
vt 0.23828125 0.59765625
vt 0.25 0.59765625
vt 0.25 0.56640625
vt 0.23828125 0.56640625
vt 0.2265625 0.59765625
vt 0.23828125 0.59765625
vt 0.23828125 0.56640625
vt 0.2265625 0.56640625
vt 0.2265625 0.59765625
vt 0.21484375 0.59765625
vt 0.21484375 0.609375
vt 0.2265625 0.609375
vt 0.23828125 0.609375
vt 0.2265625 0.609375
vt 0.2265625 0.59765625
vt 0.23828125 0.59765625
vn 0.7747975778613755 -0.23392838723251122 0.5873382526167881
vn -0.629350976363953 -0.19714871675094991 0.7516978994471071
vn -0.7747975778613755 0.23392838723251122 -0.5873382526167881
vn 0.629350976363953 0.19714871675094991 -0.7516978994471071
vn 0.06005049450158306 0.952055614515376 0.2999734071211401
vn -0.06005049450158306 -0.952055614515376 -0.2999734071211401
usemtl m_60bf0a0c-c734-8df4-3b8c-8f4002dc1298
f 84/244/61 87/243/61 85/242/61 82/241/61
f 83/248/62 84/247/62 82/246/62 81/245/62
f 88/252/63 83/251/63 81/250/63 86/249/63
f 87/256/64 88/255/64 86/254/64 85/253/64
f 86/260/65 81/259/65 82/258/65 85/257/65
f 87/264/66 84/263/66 83/262/66 88/261/66
o head
v -0.8635773219923344 2.720944226769886 1.5056690778526705
v -0.41015343578245483 2.2760579250179287 1.7686124328320219
v -0.8935422525746666 2.5566526946230153 1.2793684859399892
v -0.440118366364787 2.1117663928710586 1.5423118409193406
v -0.2008772174876075 2.4138484915017138 1.6408674261026586
v -0.6543011036974871 2.8587347932536704 1.3779240711233074
v -0.2308421480699397 2.2495569593548437 1.4145668341899773
v -0.6842660342798192 2.6944432611068003 1.1516234792106261
vt 0.51171875 0.81640625
vt 0.52734375 0.81640625
vt 0.52734375 0.80078125
vt 0.51171875 0.80078125
vt 0.46875 0.81640625
vt 0.51171875 0.81640625
vt 0.51171875 0.80078125
vt 0.46875 0.80078125
vt 0.5703125 0.81640625
vt 0.5859375 0.81640625
vt 0.5859375 0.80078125
vt 0.5703125 0.80078125
vt 0.52734375 0.81640625
vt 0.5703125 0.81640625
vt 0.5703125 0.80078125
vt 0.52734375 0.80078125
vt 0.52734375 0.81640625
vt 0.51171875 0.81640625
vt 0.51171875 0.859375
vt 0.52734375 0.859375
vt 0.54296875 0.859375
vt 0.52734375 0.859375
vt 0.52734375 0.81640625
vt 0.54296875 0.81640625
vn 0.6595256526689158 -0.647107348002846 0.38246306178814754
vn -0.7440932206039017 -0.4899220141645688 0.45420446837106887
vn -0.6595256526689158 0.647107348002846 -0.38246306178814754
vn 0.7440932206039017 0.4899220141645688 -0.45420446837106887
vn 0.10654197540384786 0.5841476698555388 0.8046243268006446
vn -0.10654197540384786 -0.5841476698555388 -0.8046243268006446
usemtl m_60bf0a0c-c734-8df4-3b8c-8f4002dc1298
f 92/268/67 95/267/67 93/266/67 90/265/67
f 91/272/68 92/271/68 90/270/68 89/269/68
f 96/276/69 91/275/69 89/274/69 94/273/69
f 95/280/70 96/279/70 94/278/70 93/277/70
f 94/284/71 89/283/71 90/282/71 93/281/71
f 95/288/72 92/287/72 91/286/72 96/285/72
o leg0
v 0.06249999999999464 0.8750000000000039 -0.9062500000000027
v 0.0624999999999947 0.8750000000000018 -0.46875000000000266
v 0.062499999999988176 0.03125000000000381 -0.9062500000000067
v 0.06249999999998823 0.03125000000000177 -0.46875000000000666
v 0.49999999999999467 0.8749999999999983 -0.46875000000000266
v 0.49999999999999456 0.8750000000000004 -0.9062500000000027
v 0.49999999999998823 0.03124999999999841 -0.4687500000000068
v 0.4999999999999881 0.03125000000000045 -0.9062500000000067
vt 0.38671875 0.83203125
vt 0.4140625 0.83203125
vt 0.4140625 0.78125
vt 0.38671875 0.78125
vt 0.359375 0.83203125
vt 0.38671875 0.83203125
vt 0.38671875 0.78125
vt 0.359375 0.78125
vt 0.44140625 0.83203125
vt 0.46875 0.83203125
vt 0.46875 0.78125
vt 0.44140625 0.78125
vt 0.4140625 0.83203125
vt 0.44140625 0.83203125
vt 0.44140625 0.78125
vt 0.4140625 0.78125
vt 0.4140625 0.83203125
vt 0.38671875 0.83203125
vt 0.38671875 0.859375
vt 0.4140625 0.859375
vt 0.44140625 0.859375
vt 0.4140625 0.859375
vt 0.4140625 0.83203125
vt 0.44140625 0.83203125
vn 1.224646799147348e-16 -4.773959005888174e-15 1
vn -1 7.6719812473658e-15 1.2246467991477e-16
vn -1.224646799147348e-16 4.773959005888174e-15 -1
vn 1 -7.6719812473658e-15 -1.2246467991477e-16
vn 7.6719812473658e-15 1 4.662936703425657e-15
vn -7.6719812473658e-15 -1 -4.662936703425657e-15
usemtl m_60bf0a0c-c734-8df4-3b8c-8f4002dc1298
f 100/292/73 103/291/73 101/290/73 98/289/73
f 99/296/74 100/295/74 98/294/74 97/293/74
f 104/300/75 99/299/75 97/298/75 102/297/75
f 103/304/76 104/303/76 102/302/76 101/301/76
f 102/308/77 97/307/77 98/306/77 101/305/77
f 103/312/78 100/311/78 99/310/78 104/309/78
o leg3
v 0.06249999999999459 0.8437499999999979 0.4062499999999969
v 0.06249999999999464 0.8437499999999959 0.8437499999999969
v 0.06249999999998812 -2.13789447099419e-15 0.4062499999999929
v 0.062499999999988176 -4.177929278742915e-15 0.8437499999999929
v 0.49999999999999456 0.8437499999999925 0.8437499999999969
v 0.49999999999999456 0.8437499999999944 0.4062499999999969
v 0.4999999999999882 -7.534421074465453e-15 0.8437499999999929
v 0.4999999999999881 -5.494386266716727e-15 0.4062499999999928
vt 0.02734375 0.5234375
vt 0.0546875 0.5234375
vt 0.0546875 0.47265625
vt 0.02734375 0.47265625
vt 0 0.5234375
vt 0.02734375 0.5234375
vt 0.02734375 0.47265625
vt 0 0.47265625
vt 0.08203125 0.5234375
vt 0.109375 0.5234375
vt 0.109375 0.47265625
vt 0.08203125 0.47265625
vt 0.0546875 0.5234375
vt 0.08203125 0.5234375
vt 0.08203125 0.47265625
vt 0.0546875 0.47265625
vt 0.0546875 0.5234375
vt 0.02734375 0.5234375
vt 0.02734375 0.55078125
vt 0.0546875 0.55078125
vt 0.08203125 0.55078125
vt 0.0546875 0.55078125
vt 0.0546875 0.5234375
vt 0.08203125 0.5234375
vn 1.224646799147348e-16 -4.773959005888174e-15 1
vn -1 7.6719812473658e-15 1.2246467991477e-16
vn -1.224646799147348e-16 4.773959005888174e-15 -1
vn 1 -7.6719812473658e-15 -1.2246467991477e-16
vn 7.6719812473658e-15 1 4.662936703425657e-15
vn -7.6719812473658e-15 -1 -4.662936703425657e-15
usemtl m_60bf0a0c-c734-8df4-3b8c-8f4002dc1298
f 108/316/79 111/315/79 109/314/79 106/313/79
f 107/320/80 108/319/80 106/318/80 105/317/80
f 112/324/81 107/323/81 105/322/81 110/321/81
f 111/328/82 112/327/82 110/326/82 109/325/82
f 110/332/83 105/331/83 106/330/83 109/329/83
f 111/336/84 108/335/84 107/334/84 112/333/84
o leg1
v -0.5312500000000054 0.8750000000000083 -0.906250000000003
v -0.5312500000000053 0.8750000000000062 -0.468750000000003
v -0.5312500000000119 0.03125000000000825 -0.9062500000000071
v -0.5312500000000118 0.03125000000000621 -0.468750000000007
v -0.0937500000000053 0.8750000000000028 -0.4687500000000031
v -0.09375000000000536 0.8750000000000049 -0.9062500000000031
v -0.09375000000001177 0.03125000000000286 -0.4687500000000071
v -0.09375000000001182 0.0312500000000049 -0.9062500000000071
vt 0.46484375 0.63671875
vt 0.4921875 0.63671875
vt 0.4921875 0.5859375
vt 0.46484375 0.5859375
vt 0.4375 0.63671875
vt 0.46484375 0.63671875
vt 0.46484375 0.5859375
vt 0.4375 0.5859375
vt 0.51953125 0.63671875
vt 0.546875 0.63671875
vt 0.546875 0.5859375
vt 0.51953125 0.5859375
vt 0.4921875 0.63671875
vt 0.51953125 0.63671875
vt 0.51953125 0.5859375
vt 0.4921875 0.5859375
vt 0.4921875 0.63671875
vt 0.46484375 0.63671875
vt 0.46484375 0.6640625
vt 0.4921875 0.6640625
vt 0.51953125 0.6640625
vt 0.4921875 0.6640625
vt 0.4921875 0.63671875
vt 0.51953125 0.63671875
vn 1.224646799147348e-16 -4.773959005888174e-15 1
vn -1 7.6719812473658e-15 1.2246467991477e-16
vn -1.224646799147348e-16 4.773959005888174e-15 -1
vn 1 -7.6719812473658e-15 -1.2246467991477e-16
vn 7.6719812473658e-15 1 4.662936703425657e-15
vn -7.6719812473658e-15 -1 -4.662936703425657e-15
usemtl m_60bf0a0c-c734-8df4-3b8c-8f4002dc1298
f 116/340/85 119/339/85 117/338/85 114/337/85
f 115/344/86 116/343/86 114/342/86 113/341/86
f 120/348/87 115/347/87 113/346/87 118/345/87
f 119/352/88 120/351/88 118/350/88 117/349/88
f 118/356/89 113/355/89 114/354/89 117/353/89
f 119/360/90 116/359/90 115/358/90 120/357/90
o leg2
v -0.5312500000000054 0.8437500000000024 0.4062499999999968
v -0.5312500000000054 0.8437500000000004 0.8437499999999968
v -0.5312500000000119 2.4173443946292543e-15 0.4062499999999928
v -0.5312500000000119 3.773095868805283e-16 0.8437499999999927
v -0.09375000000000536 0.843749999999997 0.8437499999999967
v -0.09375000000000541 0.843749999999999 0.40624999999999667
v -0.09375000000001182 -2.979182208842009e-15 0.8437499999999927
v -0.09375000000001188 -9.391474010932839e-16 0.4062499999999927
vt 0.46484375 0.55859375
vt 0.4921875 0.55859375
vt 0.4921875 0.5078125
vt 0.46484375 0.5078125
vt 0.4375 0.55859375
vt 0.46484375 0.55859375
vt 0.46484375 0.5078125
vt 0.4375 0.5078125
vt 0.51953125 0.55859375
vt 0.546875 0.55859375
vt 0.546875 0.5078125
vt 0.51953125 0.5078125
vt 0.4921875 0.55859375
vt 0.51953125 0.55859375
vt 0.51953125 0.5078125
vt 0.4921875 0.5078125
vt 0.4921875 0.55859375
vt 0.46484375 0.55859375
vt 0.46484375 0.5859375
vt 0.4921875 0.5859375
vt 0.51953125 0.5859375
vt 0.4921875 0.5859375
vt 0.4921875 0.55859375
vt 0.51953125 0.55859375
vn 1.224646799147348e-16 -4.773959005888174e-15 1
vn -1 7.6719812473658e-15 1.2246467991477e-16
vn -1.224646799147348e-16 4.773959005888174e-15 -1
vn 1 -7.6719812473658e-15 -1.2246467991477e-16
vn 7.6719812473658e-15 1 4.662936703425657e-15
vn -7.6719812473658e-15 -1 -4.662936703425657e-15
usemtl m_60bf0a0c-c734-8df4-3b8c-8f4002dc1298
f 124/364/91 127/363/91 125/362/91 122/361/91
f 123/368/92 124/367/92 122/366/92 121/365/92
f 128/372/93 123/371/93 121/370/93 126/369/93
f 127/376/94 128/375/94 126/374/94 125/373/94
f 126/380/95 121/379/95 122/378/95 125/377/95
f 127/384/96 124/383/96 123/382/96 128/381/96
o body
v -0.6874999999999947 2.2187500000000004 1.140625000000003
v -0.6875000000000062 0.7187500000000003 1.1406249999999964
v -0.6874999999999949 2.2187500000000098 -1.046874999999997
v -0.6875000000000064 0.71875000000001 -1.0468750000000036
v 0.6874999999999938 0.7187499999999898 1.1406249999999964
v 0.6875000000000053 2.21874999999999 1.140625000000003
v 0.6874999999999936 0.7187499999999994 -1.0468750000000038
v 0.6875000000000051 2.2187499999999996 -1.046874999999997
vt 0.09375 0.90625
vt 0.1796875 0.90625
vt 0.1796875 0.76953125
vt 0.09375 0.76953125
vt 0 0.90625
vt 0.09375 0.90625
vt 0.09375 0.76953125
vt 0 0.76953125
vt 0.2734375 0.90625
vt 0.359375 0.90625
vt 0.359375 0.76953125
vt 0.2734375 0.76953125
vt 0.1796875 0.90625
vt 0.2734375 0.90625
vt 0.2734375 0.76953125
vt 0.1796875 0.76953125
vt 0.1796875 0.90625
vt 0.09375 0.90625
vt 0.09375 1
vt 0.1796875 1
vt 0.265625 1
vt 0.1796875 1
vt 0.1796875 0.90625
vt 0.265625 0.90625
vn -7.6719812473658e-15 -1 -4.440892098500625e-15
vn -1 7.6719812473658e-15 1.2246467991477e-16
vn 7.6719812473658e-15 1 4.440892098500625e-15
vn 1 -7.6719812473658e-15 -1.2246467991477e-16
vn 1.224646799147365e-16 -4.5519144009631426e-15 1
vn -1.224646799147365e-16 4.5519144009631426e-15 -1
usemtl m_60bf0a0c-c734-8df4-3b8c-8f4002dc1298
f 132/388/97 135/387/97 133/386/97 130/385/97
f 131/392/98 132/391/98 130/390/98 129/389/98
f 136/396/99 131/395/99 129/394/99 134/393/99
f 135/400/100 136/399/100 134/398/100 133/397/100
f 134/404/101 129/403/101 130/402/101 133/401/101
f 135/408/102 132/407/102 131/406/102 136/405/102
o body
v -0.3437499999999995 1.639655559518662 -0.8912605325129646
v -0.3437500000000105 0.20572079906126128 -1.2091562154845596
v -0.34374999999999906 1.7005292009387545 -1.1658437845154455
v -0.34375000000001005 0.26659444048135394 -1.4837394674870406
v 0.3437499999999895 0.20572079906125607 -1.2091562154845599
v 0.3437500000000005 1.6396555595186566 -0.8912605325129647
v 0.34374999999998995 0.2665944404813487 -1.4837394674870408
v 0.34375000000000094 1.7005292009387494 -1.1658437845154457
vt 0.34765625 0.6796875
vt 0.390625 0.6796875
vt 0.390625 0.6640625
vt 0.34765625 0.6640625
vt 0.2578125 0.6796875
vt 0.34765625 0.6796875
vt 0.34765625 0.6640625
vt 0.2578125 0.6640625
vt 0.48046875 0.6796875
vt 0.5234375 0.6796875
vt 0.5234375 0.6640625
vt 0.48046875 0.6640625
vt 0.390625 0.6796875
vt 0.48046875 0.6796875
vt 0.48046875 0.6640625
vt 0.390625 0.6640625
vt 0.390625 0.6796875
vt 0.34765625 0.6796875
vt 0.34765625 0.76953125
vt 0.390625 0.76953125
vt 0.43359375 0.76953125
vt 0.390625 0.76953125
vt 0.390625 0.6796875
vt 0.43359375 0.6796875
vn -7.516630866544035e-15 -0.9762960071199324 -0.2164396139381072
vn -1 7.671981247365801e-15 1.2246467991477028e-16
vn 7.516630866544035e-15 0.9762960071199324 0.2164396139381072
vn 1 -7.671981247365801e-15 -1.2246467991477028e-16
vn -1.5409588813062408e-15 -0.21643961393810732 0.9762960071199324
vn 1.5409588813062408e-15 0.21643961393810732 -0.9762960071199324
usemtl m_60bf0a0c-c734-8df4-3b8c-8f4002dc1298
f 140/412/103 143/411/103 141/410/103 138/409/103
f 139/416/104 140/415/104 138/414/104 137/413/104
f 144/420/105 139/419/105 137/418/105 142/417/105
f 143/424/106 144/423/106 142/422/106 141/421/106
f 142/428/107 137/427/107 138/426/107 141/425/107
f 143/432/108 140/431/108 139/430/108 144/429/108